2000
2018
2020
2030
2040
2050
2060
2070
2100
2110
2140
2150
2160
2170
2180
2200
2220
2221
2222
2223
2230
2235
2240
2242
2243
2250
2260
2270
2275
2280
2288
2290
2300
2310
2320
2321
2322
2323
2328
2330
2340
2350
2360
2370
2380
2381
2382
2387
2390
2400
2430
2431
2440
2450
2460
2470
2480
2490
2491
2500
2520
2530
2531
2540
2547
2550
2560
2570
2580
2590
2600
2610
2620
2627
2630
2640
2650
2660
2800
2801
2811
2812
2820
2830
2840
2845
2850
2860
2861
2870
2880
2890
2900
2910
2920
2930
2940
2950
2960
2970
2980
2990
